- r: [-0.48482740922451023, -0.1068084172004516,   0.55686040914859314, -0.059769434915311281, -0.63266340164037371, 0.0096497613233154089, -9.7171674477394649]
- r: [-0.2229254049937921,   0.31887323586116434,  0.55686040914859314, -0.012139870870130798, -0.38669758792659065, 0.0096497613233154089, -9.7171674477394649]
- r: [ 0.35236361284633211, -0.074746941343863268, 0.55285153848934598, -0.058032186378708994, -0.38733390588304684, 0.0095627434831161429, -9.7172544655796642]
- r: [-0.13529311044745829, -0.3808959680588847,   0.55285153848934598, -0.1249162550378986,   -0.38733390588304684, 0.0095627434831161429, -9.7172544655796642]
