-   time: 2.0
    r: [-1.4204039529994779, 0.64014688694872024, 0.64722849826846929, -1.9254939970572147, 30.931365914354672, -0.52166442520665446, -16.642483924162743 ]
    l: [1.544791237364544, 0.028669297805660576, -0.061946460502633194, -1.9322034349027488, -0.96915535302752587, -0.22688029069077575, -3.5411348633607669]
-   time: 1.25
    transition: impact
    r: [-0.43912122996219438, -0.26865637196243625, -0.06073806015457861, -1.0597651429837187, 30.217764249732564, -0.098888248598895112, -17.139399300620212 ]
    l: [0.34795130919909756, -0.33483508677418122, 0.21450526015905091, -0.87161320330702452, -0.55300340950519367, -0.51138511922202357, -3.1737890509598912]
-   time: 1.35
    r: [-1.2271486279403441, 0.98994689398564029, 0.27937452657595019, -1.9855738422813785, 31.095246711685615, -0.75469820126008202, -17.206098475132887 ]
    l: [1.458651261930636, 1.0444005395208478, 0.081571109098415029, -2.1115743463069396, -1.3390296269894097, -0.16823026639652239, -3.5006715676681437]

